111111111111111111111111111111111111
100000000111111110000111110000011111
111011110000000000110000110111000000
100000000110110111110110000101111111
101111110110110111110111111101010101
101111110111110111110000000001010101
100000000001110000001111111111010001
111111101100001111011100000111010111
111110001111100011011111110111010111
100000111100011000010001110000000111
111010000001111111011101111110111011
111011111110000001011101111110111011
100000011011111100011101111110111011
101111110011111111000001101110100011
101111000100000111011101101100101101
101111011111110111011101100001101101
100000000000000000000001101100000001
111111011111101111111101101011111101
000000011100000000001100001000000001
111111111111111111111111111111111111
